0 
0 1 2 
1 3 4 
2 5 6 
3 7 8 
4 9 10 
5 11 12 
6 13 14 
7 15 16 
8 17 18 
9 19 20 
10 21 22 
11 23 24 
12 25 26 
13 27 28 
14 29 30 
15 31 32 
16 33 34 
17 35 36 
18 37 38 
19 39 40 
20 41 42 
21 43 44 
22 45 46 
23 47 48 
24 49 50 
25 51 52 
26 53 54 
27 55 56 
28 57 58 
29 59 60 
30 61 62 
31 63 64 
32 65 66 
33 67 68 
34 69 70 
35 71 72 
36 73 74 
37 75 76 
38 77 78 
39 79 80 
40 81 82 
41 83 84 
42 85 86 
43 87 88 
44 89 90 
45 91 92 
46 93 94 
47 95 96 
48 97 98 
49 99 100 
50 101 102 
51 103 104 
52 105 106 
53 107 108 
54 109 110 
55 111 112 
56 113 114 
57 115 116 
58 117 118 
59 119 120 
60 121 122 
61 123 124 
62 125 126 
63 127 128 
64 129 130 
65 131 132 
66 133 134 
67 135 136 
68 137 138 
69 139 140 
70 141 142 
71 143 144 
72 145 146 
73 147 148 
74 149 150 
75 151 152 
76 153 154 
77 155 156 
78 157 158 
79 159 160 
80 161 162 
81 163 164 
82 165 166 
83 167 168 
84 169 170 
85 171 172 
86 173 174 
87 175 176 
88 177 178 
89 179 180 
90 181 182 
91 183 184 
92 185 186 
93 187 188 
94 189 190 
95 191 192 
96 193 194 
97 195 196 
98 197 198 
99 199 200 
100 201 202 
101 203 204 
102 205 206 
103 207 208 
104 209 210 
105 211 212 
106 213 214 
107 215 216 
108 217 218 
109 219 220 
110 221 222 
111 223 224 
112 225 226 
113 227 228 
114 229 230 
115 231 232 
116 233 234 
117 235 236 
118 237 238 
119 239 240 
120 241 242 
121 243 244 
122 245 246 
123 247 248 
124 249 250 
125 251 252 
126 253 254 
127 255 256 
128 257 258 
129 259 260 
130 261 262 
131 263 264 
132 265 266 
133 267 268 
134 269 270 
135 271 272 
136 273 274 
137 275 276 
138 277 278 
139 279 280 
140 281 282 
141 283 284 
142 285 286 
143 287 288 
144 289 290 
145 291 292 
146 293 294 
147 295 296 
148 297 298 
149 299 300 
150 301 302 
151 303 304 
152 305 306 
153 307 308 
154 309 310 
155 311 312 
156 313 314 
157 315 316 
158 317 318 
159 319 320 
160 321 322 
161 323 324 
162 325 326 
163 327 328 
164 329 330 
165 331 332 
166 333 334 
167 335 336 
168 337 338 
169 339 340 
170 341 342 
171 343 344 
172 345 346 
173 347 348 
174 349 350 
175 351 352 
176 353 354 
177 355 356 
178 357 358 
179 359 360 
180 361 362 
181 363 364 
182 365 366 
183 367 368 
184 369 370 
185 371 372 
186 373 374 
187 375 376 
188 377 378 
189 379 380 
190 381 382 
191 383 384 
192 385 386 
193 387 388 
194 389 390 
195 391 392 
196 393 394 
197 395 396 
198 397 398 
199 399 400 
200 401 402 
201 403 404 
202 405 406 
203 407 408 
204 409 410 
205 411 412 
206 413 414 
207 415 416 
208 417 418 
209 419 420 
210 421 422 
211 423 424 
212 425 426 
213 427 428 
214 429 430 
215 431 432 
216 433 434 
217 435 436 
218 437 438 
219 439 440 
220 441 442 
221 443 444 
222 445 446 
223 447 448 
224 449 450 
225 451 452 
226 453 454 
227 455 456 
228 457 458 
229 459 460 
230 461 462 
231 463 464 
232 465 466 
233 467 468 
234 469 470 
235 471 472 
236 473 474 
237 475 476 
238 477 478 
239 479 480 
240 481 482 
241 483 484 
242 485 486 
243 487 488 
244 489 490 
245 491 492 
246 493 494 
247 495 496 
248 497 498 
249 499 500 
250 501 502 
251 503 504 
252 505 506 
253 507 508 
254 509 510 
255 511 512 
256 513 514 
257 515 516 
258 517 518 
259 519 520 
260 521 522 
261 523 524 
262 525 526 
263 527 528 
264 529 530 
265 531 532 
266 533 534 
267 535 536 
268 537 538 
269 539 540 
270 541 542 
271 543 544 
272 545 546 
273 547 548 
274 549 550 
275 551 552 
276 553 554 
277 555 556 
278 557 558 
279 559 560 
280 561 562 
281 563 564 
282 565 566 
283 567 568 
284 569 570 
285 571 572 
286 573 574 
287 575 576 
288 577 578 
289 579 580 
290 581 582 
291 583 584 
292 585 586 
293 587 588 
294 589 590 
295 591 592 
296 593 594 
297 595 596 
298 597 598 
299 599 600 
300 601 602 
301 603 604 
302 605 606 
303 607 608 
304 609 610 
305 611 612 
306 613 614 
307 615 616 
308 617 618 
309 619 620 
310 621 622 
311 623 624 
312 625 626 
313 627 628 
314 629 630 
315 631 632 
316 633 634 
317 635 636 
318 637 638 
319 639 640 
320 641 642 
321 643 644 
322 645 646 
323 647 648 
324 649 650 
325 651 652 
326 653 654 
327 655 656 
328 657 658 
329 659 660 
330 661 662 
331 663 664 
332 665 666 
333 667 668 
334 669 670 
335 671 672 
336 673 674 
337 675 676 
338 677 678 
339 679 680 
340 681 682 
341 683 684 
342 685 686 
343 687 688 
344 689 690 
345 691 692 
346 693 694 
347 695 696 
348 697 698 
349 699 700 
350 701 702 
351 703 704 
352 705 706 
353 707 708 
354 709 710 
355 711 712 
356 713 714 
357 715 716 
358 717 718 
359 719 720 
360 721 722 
361 723 724 
362 725 726 
363 727 728 
364 729 730 
365 731 732 
366 733 734 
367 735 736 
368 737 738 
369 739 740 
370 741 742 
371 743 744 
372 745 746 
373 747 748 
374 749 750 
375 751 752 
376 753 754 
377 755 756 
378 757 758 
379 759 760 
380 761 762 
381 763 764 
382 765 766 
383 767 768 
384 769 770 
385 771 772 
386 773 774 
387 775 776 
388 777 778 
389 779 780 
390 781 782 
391 783 784 
392 785 786 
393 787 788 
394 789 790 
395 791 792 
396 793 794 
397 795 796 
398 797 798 
399 799 800 
400 801 802 
401 803 804 
402 805 806 
403 807 808 
404 809 810 
405 811 812 
406 813 814 
407 815 816 
408 817 818 
409 819 820 
410 821 822 
411 823 824 
412 825 826 
413 827 828 
414 829 830 
415 831 832 
416 833 834 
417 835 836 
418 837 838 
419 839 840 
420 841 842 
421 843 844 
422 845 846 
423 847 848 
424 849 850 
425 851 852 
426 853 854 
427 855 856 
428 857 858 
429 859 860 
430 861 862 
431 863 864 
432 865 866 
433 867 868 
434 869 870 
435 871 872 
436 873 874 
437 875 876 
438 877 878 
439 879 880 
440 881 882 
441 883 884 
442 885 886 
443 887 888 
444 889 890 
445 891 892 
446 893 894 
447 895 896 
448 897 898 
449 899 900 
450 901 902 
451 903 904 
452 905 906 
453 907 908 
454 909 910 
455 911 912 
456 913 914 
457 915 916 
458 917 918 
459 919 920 
460 921 922 
461 923 924 
462 925 926 
463 927 928 
464 929 930 
465 931 932 
466 933 934 
467 935 936 
468 937 938 
469 939 940 
470 941 942 
471 943 944 
472 945 946 
473 947 948 
474 949 950 
475 951 952 
476 953 954 
477 955 956 
478 957 958 
479 959 960 
480 961 962 
481 963 964 
482 965 966 
483 967 968 
484 969 970 
485 971 972 
486 973 974 
487 975 976 
488 977 978 
489 979 980 
490 981 982 
491 983 984 
492 985 986 
493 987 988 
494 989 990 
495 991 992 
496 993 994 
497 995 996 
498 997 998 
499 999 1000 
500 1001 1002 
501 1003 1004 
502 1005 1006 
503 1007 1008 
504 1009 1010 
505 1011 1012 
506 1013 1014 
507 1015 1016 
508 1017 1018 
509 1019 1020 
510 1021 1022 
511 1023 1024 
512 1025 1026 
513 1027 1028 
514 1029 1030 
515 1031 1032 
516 1033 1034 
517 1035 1036 
518 1037 1038 
519 1039 1040 
520 1041 1042 
521 1043 1044 
522 1045 1046 
523 1047 1048 
524 1049 1050 
525 1051 1052 
526 1053 1054 
527 1055 1056 
528 1057 1058 
529 1059 1060 
530 1061 1062 
531 1063 1064 
532 1065 1066 
533 1067 1068 
534 1069 1070 
535 1071 1072 
536 1073 1074 
537 1075 1076 
538 1077 1078 
539 1079 1080 
540 1081 1082 
541 1083 1084 
542 1085 1086 
543 1087 1088 
544 1089 1090 
545 1091 1092 
546 1093 1094 
547 1095 1096 
548 1097 1098 
549 1099 1100 
550 1101 1102 
551 1103 1104 
552 1105 1106 
553 1107 1108 
554 1109 1110 
555 1111 1112 
556 1113 1114 
557 1115 1116 
558 1117 1118 
559 1119 1120 
560 1121 1122 
561 1123 1124 
562 1125 1126 
563 1127 1128 
564 1129 1130 
565 1131 1132 
566 1133 1134 
567 1135 1136 
568 1137 1138 
569 1139 1140 
570 1141 1142 
571 1143 1144 
572 1145 1146 
573 1147 1148 
574 1149 1150 
575 1151 1152 
576 1153 1154 
577 1155 1156 
578 1157 1158 
579 1159 1160 
580 1161 1162 
581 1163 1164 
582 1165 1166 
583 1167 1168 
584 1169 1170 
585 1171 1172 
586 1173 1174 
587 1175 1176 
588 1177 1178 
589 1179 1180 
590 1181 1182 
591 1183 1184 
592 1185 1186 
593 1187 1188 
594 1189 1190 
595 1191 1192 
596 1193 1194 
597 1195 1196 
598 1197 1198 
599 1199 1200 
600 1201 1202 
601 1203 1204 
602 1205 1206 
603 1207 1208 
604 1209 1210 
605 1211 1212 
606 1213 1214 
607 1215 1216 
608 1217 1218 
609 1219 1220 
610 1221 1222 
611 1223 1224 
612 1225 1226 
613 1227 1228 
614 1229 1230 
615 1231 1232 
616 1233 1234 
617 1235 1236 
618 1237 1238 
619 1239 1240 
620 1241 1242 
621 1243 1244 
622 1245 1246 
623 1247 1248 
624 1249 1250 
625 1251 1252 
626 1253 1254 
627 1255 1256 
628 1257 1258 
629 1259 1260 
630 1261 1262 
631 1263 1264 
632 1265 1266 
633 1267 1268 
634 1269 1270 
635 1271 1272 
636 1273 1274 
637 1275 1276 
638 1277 1278 
639 1279 1280 
640 1281 1282 
641 1283 1284 
642 1285 1286 
643 1287 1288 
644 1289 1290 
645 1291 1292 
646 1293 1294 
647 1295 1296 
648 1297 1298 
649 1299 1300 
650 1301 1302 
651 1303 1304 
652 1305 1306 
653 1307 1308 
654 1309 1310 
655 1311 1312 
656 1313 1314 
657 1315 1316 
658 1317 1318 
659 1319 1320 
660 1321 1322 
661 1323 1324 
662 1325 1326 
663 1327 1328 
664 1329 1330 
665 1331 1332 
666 1333 1334 
667 1335 1336 
668 1337 1338 
669 1339 1340 
670 1341 1342 
671 1343 1344 
672 1345 1346 
673 1347 1348 
674 1349 1350 
675 1351 1352 
676 1353 1354 
677 1355 1356 
678 1357 1358 
679 1359 1360 
680 1361 1362 
681 1363 1364 
682 1365 1366 
683 1367 1368 
684 1369 1370 
685 1371 1372 
686 1373 1374 
687 1375 1376 
688 1377 1378 
689 1379 1380 
690 1381 1382 
691 1383 1384 
692 1385 1386 
693 1387 1388 
694 1389 1390 
695 1391 1392 
696 1393 1394 
697 1395 1396 
698 1397 1398 
699 1399 1400 
700 1401 1402 
701 1403 1404 
702 1405 1406 
703 1407 1408 
704 1409 1410 
705 1411 1412 
706 1413 1414 
707 1415 1416 
708 1417 1418 
709 1419 1420 
710 1421 1422 
711 1423 1424 
712 1425 1426 
713 1427 1428 
714 1429 1430 
715 1431 1432 
716 1433 1434 
717 1435 1436 
718 1437 1438 
719 1439 1440 
720 1441 1442 
721 1443 1444 
722 1445 1446 
723 1447 1448 
724 1449 1450 
725 1451 1452 
726 1453 1454 
727 1455 1456 
728 1457 1458 
729 1459 1460 
730 1461 1462 
731 1463 1464 
732 1465 1466 
733 1467 1468 
734 1469 1470 
735 1471 1472 
736 1473 1474 
737 1475 1476 
738 1477 1478 
739 1479 1480 
740 1481 1482 
741 1483 1484 
742 1485 1486 
743 1487 1488 
744 1489 1490 
745 1491 1492 
746 1493 1494 
747 1495 1496 
748 1497 1498 
749 1499 1500 
750 1501 1502 
751 1503 1504 
752 1505 1506 
753 1507 1508 
754 1509 1510 
755 1511 1512 
756 1513 1514 
757 1515 1516 
758 1517 1518 
759 1519 1520 
760 1521 1522 
761 1523 1524 
762 1525 1526 
763 1527 1528 
764 1529 1530 
765 1531 1532 
766 1533 1534 
767 1535 1536 
768 1537 1538 
769 1539 1540 
770 1541 1542 
771 1543 1544 
772 1545 1546 
773 1547 1548 
774 1549 1550 
775 1551 1552 
776 1553 1554 
777 1555 1556 
778 1557 1558 
779 1559 1560 
780 1561 1562 
781 1563 1564 
782 1565 1566 
783 1567 1568 
784 1569 1570 
785 1571 1572 
786 1573 1574 
787 1575 1576 
788 1577 1578 
789 1579 1580 
790 1581 1582 
791 1583 1584 
792 1585 1586 
793 1587 1588 
794 1589 1590 
795 1591 1592 
796 1593 1594 
797 1595 1596 
798 1597 1598 
799 1599 1600 
800 1601 1602 
801 1603 1604 
802 1605 1606 
803 1607 1608 
804 1609 1610 
805 1611 1612 
806 1613 1614 
807 1615 1616 
808 1617 1618 
809 1619 1620 
810 1621 1622 
811 1623 1624 
812 1625 1626 
813 1627 1628 
814 1629 1630 
815 1631 1632 
816 1633 1634 
817 1635 1636 
818 1637 1638 
819 1639 1640 
820 1641 1642 
821 1643 1644 
822 1645 1646 
823 1647 1648 
824 1649 1650 
825 1651 1652 
826 1653 1654 
827 1655 1656 
828 1657 1658 
829 1659 1660 
830 1661 1662 
831 1663 1664 
832 1665 1666 
833 1667 1668 
834 1669 1670 
835 1671 1672 
836 1673 1674 
837 1675 1676 
838 1677 1678 
839 1679 1680 
840 1681 1682 
841 1683 1684 
842 1685 1686 
843 1687 1688 
844 1689 1690 
845 1691 1692 
846 1693 1694 
847 1695 1696 
848 1697 1698 
849 1699 1700 
850 1701 1702 
851 1703 1704 
852 1705 1706 
853 1707 1708 
854 1709 1710 
855 1711 1712 
856 1713 1714 
857 1715 1716 
858 1717 1718 
859 1719 1720 
860 1721 1722 
861 1723 1724 
862 1725 1726 
863 1727 1728 
864 1729 1730 
865 1731 1732 
866 1733 1734 
867 1735 1736 
868 1737 1738 
869 1739 1740 
870 1741 1742 
871 1743 1744 
872 1745 1746 
873 1747 1748 
874 1749 1750 
875 1751 1752 
876 1753 1754 
877 1755 1756 
878 1757 1758 
879 1759 1760 
880 1761 1762 
881 1763 1764 
882 1765 1766 
883 1767 1768 
884 1769 1770 
885 1771 1772 
886 1773 1774 
887 1775 1776 
888 1777 1778 
889 1779 1780 
890 1781 1782 
891 1783 1784 
892 1785 1786 
893 1787 1788 
894 1789 1790 
895 1791 1792 
896 1793 1794 
897 1795 1796 
898 1797 1798 
899 1799 1800 
900 1801 1802 
901 1803 1804 
902 1805 1806 
903 1807 1808 
904 1809 1810 
905 1811 1812 
906 1813 1814 
907 1815 1816 
908 1817 1818 
909 1819 1820 
910 1821 1822 
911 1823 1824 
912 1825 1826 
913 1827 1828 
914 1829 1830 
915 1831 1832 
916 1833 1834 
917 1835 1836 
918 1837 1838 
919 1839 1840 
920 1841 1842 
921 1843 1844 
922 1845 1846 
923 1847 1848 
924 1849 1850 
925 1851 1852 
926 1853 1854 
927 1855 1856 
928 1857 1858 
929 1859 1860 
930 1861 1862 
931 1863 1864 
932 1865 1866 
933 1867 1868 
934 1869 1870 
935 1871 1872 
936 1873 1874 
937 1875 1876 
938 1877 1878 
939 1879 1880 
940 1881 1882 
941 1883 1884 
942 1885 1886 
943 1887 1888 
944 1889 1890 
945 1891 1892 
946 1893 1894 
947 1895 1896 
948 1897 1898 
949 1899 1900 
950 1901 1902 
951 1903 1904 
952 1905 1906 
953 1907 1908 
954 1909 1910 
955 1911 1912 
956 1913 1914 
957 1915 1916 
958 1917 1918 
959 1919 1920 
960 1921 1922 
961 1923 1924 
962 1925 1926 
963 1927 1928 
964 1929 1930 
965 1931 1932 
966 1933 1934 
967 1935 1936 
968 1937 1938 
969 1939 1940 
970 1941 1942 
971 1943 1944 
972 1945 1946 
973 1947 1948 
974 1949 1950 
975 1951 1952 
976 1953 1954 
977 1955 1956 
978 1957 1958 
979 1959 1960 
980 1961 1962 
981 1963 1964 
982 1965 1966 
983 1967 1968 
984 1969 1970 
985 1971 1972 
986 1973 1974 
987 1975 1976 
988 1977 1978 
989 1979 1980 
990 1981 1982 
991 1983 1984 
992 1985 1986 
993 1987 1988 
994 1989 1990 
995 1991 1992 
996 1993 1994 
997 1995 1996 
998 1997 1998 
999 1999 2000 
